ID: 001 | Producto: Cargo | Cantidad: 1 | Total: 200.0 | Fecha: 2026-03-13T13:20:43.785876900
ID: 004 | Producto: Polo | Cantidad: 3 | Total: 690.0 | Fecha: 2026-03-13T13:20:52.682924800
ID: 002 | Producto: Baggy | Cantidad: 2 | Total: 400.0 | Fecha: 2026-03-13T21:56:30.423796900
